100 5.545455
27.000000 146.000000
32.545456 151.306595
38.090908 157.966064
43.636364 165.780930
49.181816 174.553741
54.727272 184.087006
60.272728 194.183273
65.818184 204.645065
71.363632 215.274918
76.909088 225.875366
82.454544 236.248932
88.000000 246.198151
93.545456 255.896225
99.090912 266.747040
104.636360 278.133759
110.181816 289.817810
115.727272 301.560516
121.272728 313.123322
126.818184 324.267578
132.363632 334.754730
137.909088 344.346069
143.454544 352.803101
149.000000 359.887115
154.545456 367.291168
160.090912 374.196198
165.636368 379.944183
171.181824 384.204803
176.727264 386.647766
182.272720 386.942719
187.818176 384.759369
193.363632 379.767395
198.909088 372.157410
204.454544 361.475494
210.000000 348.267975
215.545456 333.165405
221.090912 316.798279
226.636368 299.797211
232.181824 282.792664
237.727264 266.415222
243.272720 251.634995
248.818176 244.044189
254.363632 236.172485
259.909088 228.080109
265.454529 219.827362
271.000000 211.474487
276.545441 203.081772
282.090912 194.709473
287.636353 186.417862
293.181824 178.267197
298.727264 170.317749
304.272736 162.629807
309.818176 155.263611
315.363647 148.279434
320.909088 141.737564
326.454529 135.698242
332.000000 130.221741
337.545441 125.368340
343.090912 117.224480
348.636353 110.614090
354.181824 105.718636
359.727264 102.307930
365.272736 100.151794
370.818176 99.020035
376.363647 98.682465
381.909088 98.908905
387.454529 101.827995
393.000000 109.672737
398.545441 119.719780
404.090912 129.193497
409.636353 139.573471
415.181824 153.270950
420.727264 161.270081
426.272736 171.586334
431.818176 182.811874
437.363647 193.538834
442.909088 202.359360
448.454529 207.865585
454.000000 208.683701
459.545441 204.642136
465.090912 197.000992
470.636353 187.097107
476.181824 176.267273
481.727264 165.848312
487.272736 157.177017
492.818176 150.190842
498.363647 145.230026
503.909088 143.072189
509.454529 140.327972
515.000000 137.141937
520.545471 134.119537
526.090881 130.745270
531.636353 127.203094
537.181824 123.676979
542.727295 120.350876
548.272705 117.408745
553.818176 115.034561
559.363647 112.724319
564.909058 111.831070
570.454529 112.494812
576.000000 113.000000
