15
2 1 2 0.0 0.0
14.0 1 1.41421356237
50 1.0e-12 1.0e-12 1

2 2 2 0.0 0.0
1.0 14.0 1 1.41421356237
50 1.0e-12 1.0e-12 1

2 3 2 0.0 0.0
1.0 10.0 1 1.41421356237
50 1.0e-12 1.0e-12 1

3 1 2 1.0 -0.25
-0.388 0 0.0
50 1.0e-22 1.0e-22 0

3 2 2 1.0 -0.25
-0.407 -0.425 0 0.0
50 1.0e-22 1.0e-22 0

3 3 2 1.0 -0.25
-0.41 -0.58 0 0.0
50 1.0e-22 1.0e-22 0

3 1 2 1.0 -0.25
-0.0088 0 0.0
50 1.0e-22 1.0e-22 0

3 2 2 1.0 -0.25
-0.007 -0.025 0 0.0
50 1.0e-22 1.0e-22 0

3 3 2 1.0 -0.25
-0.01 -0.04 0 0.0
50 1.0e-22 1.0e-22 0

3 1 2 1.0 -0.25
0.088 0 0.0
50 1.0e-22 1.0e-22 0

3 2 2 1.0 -0.25
0.07 0.25 0 0.0
50 1.0e-22 1.0e-22 0

3 3 2 1.0 -0.25
0.1 0.2 0 0.0
50 1.0e-22 1.0e-22 0

3 1 2 1.0 -0.25
0.350 0 0.0
50 1.0e-22 1.0e-22 0

3 2 2 1.0 -0.25
0.3 0.5 0 0.0
50 1.0e-22 1.0e-22 0

3 3 2 1.0 -0.25
0.2 0.8 0 0.0
50 1.0e-22 1.0e-22 0