100 5.797980
7.000000 435.000000
12.797979 429.264679
18.595959 421.329529
24.393940 411.930939
30.191919 401.805389
35.989899 391.689331
41.787880 382.319183
47.585857 375.409882
53.383839 368.464020
59.181820 361.486694
64.979797 354.554993
70.777779 347.745819
76.575760 341.136261
82.373741 334.803253
88.171715 328.251129
93.969696 320.298065
99.767677 313.113525
105.565659 306.156097
111.363640 298.884430
117.161613 290.817841
122.959595 283.888336
128.757584 276.369781
134.555557 268.527039
140.353531 260.625153
146.151520 252.929031
151.949493 245.703644
157.747482 238.879822
163.545456 231.031891
169.343430 224.220291
175.141418 217.805725
180.939392 211.148926
186.737381 203.650650
192.535355 195.522186
198.333328 187.052261
204.131317 178.374069
209.929291 169.620804
215.727280 161.181061
221.525253 153.041702
227.323227 144.838638
233.121216 136.528580
238.919189 128.068222
244.717178 119.306969
250.515152 109.880852
256.313141 100.179199
262.111115 90.513672
267.909088 81.195946
273.707062 71.755669
279.505066 59.997135
285.303040 48.750248
291.101013 40.177628
296.898987 36.344639
302.696960 37.162251
308.494965 41.405891
314.292938 48.018288
320.090912 56.176563
325.888885 67.249466
331.686859 80.289581
337.484863 93.566803
343.282837 105.541519
349.080811 116.874710
354.878784 127.957130
360.676758 138.836868
366.474762 149.498718
372.272736 159.636887
378.070709 169.639679
383.868683 180.035721
389.666656 191.419724
395.464661 204.173019
401.262634 217.269333
407.060608 229.507217
412.858582 239.322922
418.656555 246.672028
424.454559 253.177673
430.252533 260.112244
436.050507 268.799103
441.848480 279.569000
447.646454 291.423462
453.444458 303.897217
459.242432 316.435883
465.040405 327.442108
470.838379 339.108002
476.636353 350.762299
482.434357 361.733704
488.232330 371.327972
494.030304 378.502838
499.828278 384.296326
505.626251 389.532776
511.424255 395.036560
517.222229 401.632050
523.020203 411.903931
528.818176 425.044525
534.616150 438.874847
540.414124 451.872192
546.212097 462.450714
552.010132 471.712158
557.808105 480.173981
563.606079 487.769684
569.404053 494.933105
575.202026 506.131836
581.000000 513.000000
