100 5.929293
2.000000 8.000000
7.929293 8.831086
13.858586 9.583156
19.787880 10.693779
25.717173 12.600526
31.646465 15.740964
37.575760 21.095861
43.505051 36.253304
49.434345 55.620995
55.363640 76.569321
61.292931 120.608398
67.222221 157.226974
73.151520 207.813263
79.080811 237.293182
85.010101 252.201340
90.939400 266.013000
96.868690 275.646393
102.797981 278.367523
108.727280 276.388428
114.656570 271.353729
120.585861 264.103149
126.515160 255.476410
132.444443 245.598328
138.373749 222.770142
144.303040 195.744812
150.232330 165.725769
156.161621 129.503601
162.090912 92.564392
168.020203 53.847946
173.949509 32.485741
179.878799 22.542835
185.808090 18.177046
191.737381 15.827977
197.666672 14.400994
203.595963 14.266437
209.525253 15.794643
215.454559 19.133524
221.383850 23.997818
227.313141 30.504656
233.242432 38.781120
239.171722 51.697376
245.101013 74.570221
251.030319 99.540146
256.959595 151.975708
262.888885 251.058441
268.818207 293.959686
274.747498 334.872498
280.676788 374.893250
286.606079 397.616821
292.535370 410.382935
298.464661 423.115723
304.393951 435.430634
310.323242 446.943024
316.252533 463.891357
322.181824 482.518860
328.111115 493.481171
334.040405 494.070770
339.969696 492.514740
345.899017 489.403290
351.828308 484.964478
357.757599 479.426422
363.686890 473.017273
369.616180 465.965057
375.545471 454.551270
381.474762 437.536163
387.404053 418.226349
393.333344 398.142670
399.262634 372.695038
405.191925 336.524048
411.121216 299.540558
417.050507 227.418106
422.979828 191.442993
428.909119 127.947769
434.838409 74.314270
440.767700 44.849438
446.696991 37.351364
452.626282 31.466469
458.555573 26.976139
464.484863 24.223894
470.414154 23.553257
476.343445 25.630667
482.272736 31.093828
488.202026 39.275162
494.131317 49.507465
500.060638 61.418972
505.989929 115.088875
511.919220 148.994232
517.848511 173.092651
523.777771 193.693375
529.707092 204.307907
535.636414 207.444809
541.565674 208.418961
547.494995 207.257172
553.424255 203.986221
559.353577 198.632950
565.282837 187.378281
571.212158 147.049500
577.141418 103.943512
583.070740 41.170555
589.000000 22.999962
